[-122.975608602395, 37.410201049604446],
[-122.90227020479, 37.410201049604446],
[-122.828931807185, 37.410201049604446],
[-122.75559340958, 37.410201049604446],
[-122.682255011975, 37.410201049604446],
[-122.60891661437, 37.410201049604446],
[-122.535578216765, 37.410201049604446],
[-122.4989090179625, 37.38509886398751],
[-122.46223981916, 37.410201049604446],
[-122.4255706203575, 37.38509886398751],
[-122.388901421555, 37.410201049604446],
[-122.3522322227525, 37.38509886398751],
[-122.31556302395, 37.410201049604446],
[-122.2788938251475, 37.38509886398751],
[-122.242224626345, 37.410201049604446],
[-122.2055554275425, 37.38509886398751],
[-122.16888622874, 37.410201049604446],
[-122.13221702993751, 37.38509886398751],
[-122.09554783113501, 37.410201049604446],
[-122.05887863233251, 37.38509886398751],
[-122.02220943353001, 37.410201049604446],
[-121.98554023472751, 37.38509886398751],
[-121.94887103592501, 37.410201049604446],
[-121.91220183712251, 37.38509886398751],
[-121.87553263832001, 37.410201049604446],
[-121.83886343951751, 37.38509886398751],
[-121.80219424071501, 37.410201049604446],
[-121.76552504191251, 37.38509886398751],
[-121.72885584311001, 37.410201049604446],
[-121.69218664430751, 37.38509886398751],
[-121.65551744550501, 37.410201049604446],
[-121.61884824670251, 37.38509886398751],
[-121.58217904790001, 37.410201049604446],
[-121.54550984909751, 37.38509886398751],
[-121.50884065029501, 37.410201049604446],
[-121.47217145149251, 37.38509886398751],
[-121.43550225269001, 37.410201049604446],
[-122.975608602395, 37.46040542083833],
[-122.9389394035925, 37.43530323522139],
[-122.90227020479, 37.46040542083833],
[-122.8656010059875, 37.43530323522139],
[-122.828931807185, 37.46040542083833],
[-122.7922626083825, 37.43530323522139],
[-122.75559340958, 37.46040542083833],
[-122.7189242107775, 37.43530323522139],
[-122.682255011975, 37.46040542083833],
[-122.6455858131725, 37.43530323522139],
[-122.60891661437, 37.46040542083833],
[-122.5722474155675, 37.43530323522139],
[-122.535578216765, 37.46040542083833],
[-122.4989090179625, 37.43530323522139],
[-122.46223981916, 37.46040542083833],
[-122.4255706203575, 37.43530323522139],
[-122.388901421555, 37.46040542083833],
[-122.3522322227525, 37.43530323522139],
[-122.31556302395, 37.46040542083833],
[-122.2788938251475, 37.43530323522139],
[-122.242224626345, 37.46040542083833],
[-122.2055554275425, 37.43530323522139],
[-122.16888622874, 37.46040542083833],
[-122.13221702993751, 37.43530323522139],
[-122.09554783113501, 37.46040542083833],
[-122.05887863233251, 37.43530323522139],
[-122.02220943353001, 37.46040542083833],
[-121.98554023472751, 37.43530323522139],
[-121.94887103592501, 37.46040542083833],
[-121.91220183712251, 37.43530323522139],
[-121.87553263832001, 37.46040542083833],
[-121.83886343951751, 37.43530323522139],
[-121.80219424071501, 37.46040542083833],
[-121.76552504191251, 37.43530323522139],
[-121.72885584311001, 37.46040542083833],
[-121.69218664430751, 37.43530323522139],
[-121.65551744550501, 37.46040542083833],
[-121.61884824670251, 37.43530323522139],
[-121.58217904790001, 37.46040542083833],
[-121.54550984909751, 37.43530323522139],
[-121.50884065029501, 37.46040542083833],
[-121.47217145149251, 37.43530323522139],
[-121.43550225269001, 37.46040542083833],
[-122.975608602395, 37.51060979207221],
[-122.9389394035925, 37.48550760645527],
[-122.90227020479, 37.51060979207221],
[-122.8656010059875, 37.48550760645527],
[-122.828931807185, 37.51060979207221],
[-122.7922626083825, 37.48550760645527],
[-122.75559340958, 37.51060979207221],
[-122.7189242107775, 37.48550760645527],
[-122.682255011975, 37.51060979207221],
[-122.6455858131725, 37.48550760645527],
[-122.60891661437, 37.51060979207221],
[-122.5722474155675, 37.48550760645527],
[-122.535578216765, 37.51060979207221],
[-122.4989090179625, 37.48550760645527],
[-122.46223981916, 37.51060979207221],
[-122.4255706203575, 37.48550760645527],
[-122.388901421555, 37.51060979207221],
[-122.3522322227525, 37.48550760645527],
[-122.31556302395, 37.51060979207221],
[-122.2788938251475, 37.48550760645527],
[-122.242224626345, 37.51060979207221],
[-122.2055554275425, 37.48550760645527],
[-122.16888622874, 37.51060979207221],
[-122.13221702993751, 37.48550760645527],
[-122.09554783113501, 37.51060979207221],
[-122.05887863233251, 37.48550760645527],
[-122.02220943353001, 37.51060979207221],
[-121.98554023472751, 37.48550760645527],
[-121.94887103592501, 37.51060979207221],
[-121.91220183712251, 37.48550760645527],
[-121.87553263832001, 37.51060979207221],
[-121.83886343951751, 37.48550760645527],
[-121.80219424071501, 37.51060979207221],
[-121.76552504191251, 37.48550760645527],
[-121.72885584311001, 37.51060979207221],
[-121.69218664430751, 37.48550760645527],
[-121.65551744550501, 37.51060979207221],
[-121.61884824670251, 37.48550760645527],
[-121.58217904790001, 37.51060979207221],
[-121.54550984909751, 37.48550760645527],
[-121.50884065029501, 37.51060979207221],
[-121.47217145149251, 37.48550760645527],
[-122.975608602395, 37.56081416330609],
[-122.9389394035925, 37.535711977689154],
[-122.90227020479, 37.56081416330609],
[-122.8656010059875, 37.535711977689154],
[-122.828931807185, 37.56081416330609],
[-122.7922626083825, 37.535711977689154],
[-122.75559340958, 37.56081416330609],
[-122.7189242107775, 37.535711977689154],
[-122.682255011975, 37.56081416330609],
[-122.6455858131725, 37.535711977689154],
[-122.60891661437, 37.56081416330609],
[-122.5722474155675, 37.535711977689154],
[-122.535578216765, 37.56081416330609],
[-122.4989090179625, 37.535711977689154],
[-122.46223981916, 37.56081416330609],
[-122.4255706203575, 37.535711977689154],
[-122.388901421555, 37.56081416330609],
[-122.3522322227525, 37.535711977689154],
[-122.31556302395, 37.56081416330609],
[-122.2788938251475, 37.535711977689154],
[-122.242224626345, 37.56081416330609],
[-122.2055554275425, 37.535711977689154],
[-122.16888622874, 37.56081416330609],
[-122.13221702993751, 37.535711977689154],
[-122.09554783113501, 37.56081416330609],
[-122.05887863233251, 37.535711977689154],
[-122.02220943353001, 37.56081416330609],
[-121.98554023472751, 37.535711977689154],
[-121.94887103592501, 37.56081416330609],
[-121.91220183712251, 37.535711977689154],
[-121.87553263832001, 37.56081416330609],
[-121.83886343951751, 37.535711977689154],
[-121.80219424071501, 37.56081416330609],
[-121.76552504191251, 37.535711977689154],
[-121.72885584311001, 37.56081416330609],
[-121.69218664430751, 37.535711977689154],
[-121.65551744550501, 37.56081416330609],
[-121.61884824670251, 37.535711977689154],
[-121.58217904790001, 37.56081416330609],
[-121.54550984909751, 37.535711977689154],
[-121.50884065029501, 37.56081416330609],
[-121.47217145149251, 37.535711977689154],
[-122.975608602395, 37.61101853453997],
[-122.9389394035925, 37.585916348923035],
[-122.90227020479, 37.61101853453997],
[-122.8656010059875, 37.585916348923035],
[-122.828931807185, 37.61101853453997],
[-122.7922626083825, 37.585916348923035],
[-122.75559340958, 37.61101853453997],
[-122.7189242107775, 37.585916348923035],
[-122.682255011975, 37.61101853453997],
[-122.6455858131725, 37.585916348923035],
[-122.60891661437, 37.61101853453997],
[-122.5722474155675, 37.585916348923035],
[-122.535578216765, 37.61101853453997],
[-122.4989090179625, 37.585916348923035],
[-122.46223981916, 37.61101853453997],
[-122.4255706203575, 37.585916348923035],
[-122.388901421555, 37.61101853453997],
[-122.3522322227525, 37.585916348923035],
[-122.31556302395, 37.61101853453997],
[-122.2788938251475, 37.585916348923035],
[-122.242224626345, 37.61101853453997],
[-122.2055554275425, 37.585916348923035],
[-122.16888622874, 37.61101853453997],
[-122.13221702993751, 37.585916348923035],
[-122.09554783113501, 37.61101853453997],
[-122.05887863233251, 37.585916348923035],
[-122.02220943353001, 37.61101853453997],
[-121.98554023472751, 37.585916348923035],
[-121.94887103592501, 37.61101853453997],
[-121.91220183712251, 37.585916348923035],
[-121.87553263832001, 37.61101853453997],
[-121.83886343951751, 37.585916348923035],
[-121.80219424071501, 37.61101853453997],
[-121.76552504191251, 37.585916348923035],
[-121.72885584311001, 37.61101853453997],
[-121.69218664430751, 37.585916348923035],
[-121.65551744550501, 37.61101853453997],
[-121.61884824670251, 37.585916348923035],
[-121.58217904790001, 37.61101853453997],
[-121.54550984909751, 37.585916348923035],
[-121.50884065029501, 37.61101853453997],
[-121.47217145149251, 37.585916348923035],
[-122.975608602395, 37.661222905773855],
[-122.9389394035925, 37.63612072015692],
[-122.90227020479, 37.661222905773855],
[-122.8656010059875, 37.63612072015692],
[-122.828931807185, 37.661222905773855],
[-122.7922626083825, 37.63612072015692],
[-122.75559340958, 37.661222905773855],
[-122.7189242107775, 37.63612072015692],
[-122.682255011975, 37.661222905773855],
[-122.6455858131725, 37.63612072015692],
[-122.60891661437, 37.661222905773855],
[-122.5722474155675, 37.63612072015692],
[-122.535578216765, 37.661222905773855],
[-122.4989090179625, 37.63612072015692],
[-122.46223981916, 37.661222905773855],
[-122.4255706203575, 37.63612072015692],
[-122.388901421555, 37.661222905773855],
[-122.3522322227525, 37.63612072015692],
[-122.31556302395, 37.661222905773855],
[-122.2788938251475, 37.63612072015692],
[-122.242224626345, 37.661222905773855],
[-122.2055554275425, 37.63612072015692],
[-122.16888622874, 37.661222905773855],
[-122.13221702993751, 37.63612072015692],
[-122.09554783113501, 37.661222905773855],
[-122.05887863233251, 37.63612072015692],
[-122.02220943353001, 37.661222905773855],
[-121.98554023472751, 37.63612072015692],
[-121.94887103592501, 37.661222905773855],
[-121.91220183712251, 37.63612072015692],
[-121.87553263832001, 37.661222905773855],
[-121.83886343951751, 37.63612072015692],
[-121.80219424071501, 37.661222905773855],
[-121.76552504191251, 37.63612072015692],
[-121.72885584311001, 37.661222905773855],
[-121.69218664430751, 37.63612072015692],
[-121.65551744550501, 37.661222905773855],
[-121.61884824670251, 37.63612072015692],
[-121.58217904790001, 37.661222905773855],
[-121.54550984909751, 37.63612072015692],
[-121.50884065029501, 37.661222905773855],
[-121.47217145149251, 37.63612072015692],
[-122.975608602395, 37.711427277007736],
[-122.9389394035925, 37.6863250913908],
[-122.90227020479, 37.711427277007736],
[-122.8656010059875, 37.6863250913908],
[-122.828931807185, 37.711427277007736],
[-122.7922626083825, 37.6863250913908],
[-122.75559340958, 37.711427277007736],
[-122.7189242107775, 37.6863250913908],
[-122.682255011975, 37.711427277007736],
[-122.6455858131725, 37.6863250913908],
[-122.60891661437, 37.711427277007736],
[-122.5722474155675, 37.6863250913908],
[-122.535578216765, 37.711427277007736],
[-122.4989090179625, 37.6863250913908],
[-122.46223981916, 37.711427277007736],
[-122.4255706203575, 37.6863250913908],
[-122.388901421555, 37.711427277007736],
[-122.3522322227525, 37.6863250913908],
[-122.31556302395, 37.711427277007736],
[-122.2788938251475, 37.6863250913908],
[-122.242224626345, 37.711427277007736],
[-122.2055554275425, 37.6863250913908],
[-122.16888622874, 37.711427277007736],
[-122.13221702993751, 37.6863250913908],
[-122.09554783113501, 37.711427277007736],
[-122.05887863233251, 37.6863250913908],
[-122.02220943353001, 37.711427277007736],
[-121.98554023472751, 37.6863250913908],
[-121.94887103592501, 37.711427277007736],
[-121.91220183712251, 37.6863250913908],
[-121.87553263832001, 37.711427277007736],
[-121.83886343951751, 37.6863250913908],
[-121.80219424071501, 37.711427277007736],
[-121.76552504191251, 37.6863250913908],
[-121.72885584311001, 37.711427277007736],
[-121.69218664430751, 37.6863250913908],
[-121.65551744550501, 37.711427277007736],
[-121.61884824670251, 37.6863250913908],
[-121.58217904790001, 37.711427277007736],
[-121.54550984909751, 37.6863250913908],
[-121.50884065029501, 37.711427277007736],
[-123.0122778011975, 37.73652946262468],
[-122.975608602395, 37.76163164824162],
[-122.9389394035925, 37.73652946262468],
[-122.90227020479, 37.76163164824162],
[-122.8656010059875, 37.73652946262468],
[-122.828931807185, 37.76163164824162],
[-122.7922626083825, 37.73652946262468],
[-122.75559340958, 37.76163164824162],
[-122.7189242107775, 37.73652946262468],
[-122.682255011975, 37.76163164824162],
[-122.6455858131725, 37.73652946262468],
[-122.60891661437, 37.76163164824162],
[-122.5722474155675, 37.73652946262468],
[-122.535578216765, 37.76163164824162],
[-122.4989090179625, 37.73652946262468],
[-122.46223981916, 37.76163164824162],
[-122.4255706203575, 37.73652946262468],
[-122.388901421555, 37.76163164824162],
[-122.3522322227525, 37.73652946262468],
[-122.31556302395, 37.76163164824162],
[-122.2788938251475, 37.73652946262468],
[-122.242224626345, 37.76163164824162],
[-122.2055554275425, 37.73652946262468],
[-122.16888622874, 37.76163164824162],
[-122.13221702993751, 37.73652946262468],
[-122.09554783113501, 37.76163164824162],
[-122.05887863233251, 37.73652946262468],
[-122.02220943353001, 37.76163164824162],
[-121.98554023472751, 37.73652946262468],
[-121.94887103592501, 37.76163164824162],
[-121.91220183712251, 37.73652946262468],
[-121.87553263832001, 37.76163164824162],
[-121.83886343951751, 37.73652946262468],
[-121.80219424071501, 37.76163164824162],
[-121.76552504191251, 37.73652946262468],
[-121.72885584311001, 37.76163164824162],
[-121.69218664430751, 37.73652946262468],
[-121.65551744550501, 37.76163164824162],
[-121.61884824670251, 37.73652946262468],
[-121.58217904790001, 37.76163164824162],
[-121.54550984909751, 37.73652946262468],
[-121.50884065029501, 37.76163164824162],
[-123.0122778011975, 37.78673383385856],
[-122.975608602395, 37.8118360194755],
[-122.9389394035925, 37.78673383385856],
[-122.90227020479, 37.8118360194755],
[-122.8656010059875, 37.78673383385856],
[-122.828931807185, 37.8118360194755],
[-122.7922626083825, 37.78673383385856],
[-122.75559340958, 37.8118360194755],
[-122.7189242107775, 37.78673383385856],
[-122.682255011975, 37.8118360194755],
[-122.6455858131725, 37.78673383385856],
[-122.60891661437, 37.8118360194755],
[-122.5722474155675, 37.78673383385856],
[-122.535578216765, 37.8118360194755],
[-122.4989090179625, 37.78673383385856],
[-122.46223981916, 37.8118360194755],
[-122.4255706203575, 37.78673383385856],
[-122.388901421555, 37.8118360194755],
[-122.3522322227525, 37.78673383385856],
[-122.31556302395, 37.8118360194755],
[-122.2788938251475, 37.78673383385856],
[-122.242224626345, 37.8118360194755],
[-122.2055554275425, 37.78673383385856],
[-122.16888622874, 37.8118360194755],
[-122.13221702993751, 37.78673383385856],
[-122.09554783113501, 37.8118360194755],
[-122.05887863233251, 37.78673383385856],
[-122.02220943353001, 37.8118360194755],
[-121.98554023472751, 37.78673383385856],
[-121.94887103592501, 37.8118360194755],
[-121.91220183712251, 37.78673383385856],
[-121.87553263832001, 37.8118360194755],
[-121.83886343951751, 37.78673383385856],
[-121.80219424071501, 37.8118360194755],
[-121.76552504191251, 37.78673383385856],
[-121.72885584311001, 37.8118360194755],
[-121.69218664430751, 37.78673383385856],
[-121.65551744550501, 37.8118360194755],
[-121.61884824670251, 37.78673383385856],
[-121.58217904790001, 37.8118360194755],
[-121.54550984909751, 37.78673383385856],
[-121.50884065029501, 37.8118360194755],
[-123.0122778011975, 37.836938205092444],
[-122.975608602395, 37.86204039070938],
[-122.9389394035925, 37.836938205092444],
[-122.90227020479, 37.86204039070938],
[-122.8656010059875, 37.836938205092444],
[-122.828931807185, 37.86204039070938],
[-122.7922626083825, 37.836938205092444],
[-122.75559340958, 37.86204039070938],
[-122.7189242107775, 37.836938205092444],
[-122.682255011975, 37.86204039070938],
[-122.6455858131725, 37.836938205092444],
[-122.60891661437, 37.86204039070938],
[-122.5722474155675, 37.836938205092444],
[-122.535578216765, 37.86204039070938],
[-122.4989090179625, 37.836938205092444],
[-122.46223981916, 37.86204039070938],
[-122.4255706203575, 37.836938205092444],
[-122.388901421555, 37.86204039070938],
[-122.3522322227525, 37.836938205092444],
[-122.31556302395, 37.86204039070938],
[-122.2788938251475, 37.836938205092444],
[-122.242224626345, 37.86204039070938],
[-122.2055554275425, 37.836938205092444],
[-122.16888622874, 37.86204039070938],
[-122.13221702993751, 37.836938205092444],
[-122.09554783113501, 37.86204039070938],
[-122.05887863233251, 37.836938205092444],
[-122.02220943353001, 37.86204039070938],
[-121.98554023472751, 37.836938205092444],
[-121.94887103592501, 37.86204039070938],
[-121.91220183712251, 37.836938205092444],
[-121.87553263832001, 37.86204039070938],
[-121.83886343951751, 37.836938205092444],
[-121.80219424071501, 37.86204039070938],
[-121.76552504191251, 37.836938205092444],
[-121.72885584311001, 37.86204039070938],
[-121.69218664430751, 37.836938205092444],
[-121.65551744550501, 37.86204039070938],
[-121.61884824670251, 37.836938205092444],
[-121.58217904790001, 37.86204039070938],
[-121.54550984909751, 37.836938205092444],
[-123.0122778011975, 37.887142576326326],
[-122.975608602395, 37.91224476194326],
[-122.9389394035925, 37.887142576326326],
[-122.90227020479, 37.91224476194326],
[-122.8656010059875, 37.887142576326326],
[-122.828931807185, 37.91224476194326],
[-122.7922626083825, 37.887142576326326],
[-122.75559340958, 37.91224476194326],
[-122.7189242107775, 37.887142576326326],
[-122.682255011975, 37.91224476194326],
[-122.6455858131725, 37.887142576326326],
[-122.60891661437, 37.91224476194326],
[-122.5722474155675, 37.887142576326326],
[-122.535578216765, 37.91224476194326],
[-122.4989090179625, 37.887142576326326],
[-122.46223981916, 37.91224476194326],
[-122.4255706203575, 37.887142576326326],
[-122.388901421555, 37.91224476194326],
[-122.3522322227525, 37.887142576326326],
[-122.31556302395, 37.91224476194326],
[-122.2788938251475, 37.887142576326326],
[-122.242224626345, 37.91224476194326],
[-122.2055554275425, 37.887142576326326],
[-122.16888622874, 37.91224476194326],
[-122.13221702993751, 37.887142576326326],
[-122.09554783113501, 37.91224476194326],
[-122.05887863233251, 37.887142576326326],
[-122.02220943353001, 37.91224476194326],
[-121.98554023472751, 37.887142576326326],
[-121.94887103592501, 37.91224476194326],
[-121.91220183712251, 37.887142576326326],
[-121.87553263832001, 37.91224476194326],
[-121.83886343951751, 37.887142576326326],
[-121.80219424071501, 37.91224476194326],
[-121.76552504191251, 37.887142576326326],
[-121.72885584311001, 37.91224476194326],
[-121.69218664430751, 37.887142576326326],
[-121.65551744550501, 37.91224476194326],
[-121.61884824670251, 37.887142576326326],
[-121.58217904790001, 37.91224476194326],
[-121.54550984909751, 37.887142576326326],
[-123.0122778011975, 37.93734694756021],
[-122.975608602395, 37.962449133177145],
[-122.9389394035925, 37.93734694756021],
[-122.90227020479, 37.962449133177145],
[-122.8656010059875, 37.93734694756021],
[-122.828931807185, 37.962449133177145],
[-122.7922626083825, 37.93734694756021],
[-122.75559340958, 37.962449133177145],
[-122.7189242107775, 37.93734694756021],
[-122.682255011975, 37.962449133177145],
[-122.6455858131725, 37.93734694756021],
[-122.60891661437, 37.962449133177145],
[-122.5722474155675, 37.93734694756021],
[-122.535578216765, 37.962449133177145],
[-122.4989090179625, 37.93734694756021],
[-122.46223981916, 37.962449133177145],
[-122.4255706203575, 37.93734694756021],
[-122.388901421555, 37.962449133177145],
[-122.3522322227525, 37.93734694756021],
[-122.31556302395, 37.962449133177145],
[-122.2788938251475, 37.93734694756021],
[-122.242224626345, 37.962449133177145],
[-122.2055554275425, 37.93734694756021],
[-122.16888622874, 37.962449133177145],
[-122.13221702993751, 37.93734694756021],
[-122.09554783113501, 37.962449133177145],
[-122.05887863233251, 37.93734694756021],
[-122.02220943353001, 37.962449133177145],
[-121.98554023472751, 37.93734694756021],
[-121.94887103592501, 37.962449133177145],
[-121.91220183712251, 37.93734694756021],
[-121.87553263832001, 37.962449133177145],
[-121.83886343951751, 37.93734694756021],
[-121.80219424071501, 37.962449133177145],
[-121.76552504191251, 37.93734694756021],
[-121.72885584311001, 37.962449133177145],
[-121.69218664430751, 37.93734694756021],
[-121.65551744550501, 37.962449133177145],
[-121.61884824670251, 37.93734694756021],
[-121.58217904790001, 37.962449133177145],
[-121.54550984909751, 37.93734694756021],
[-123.0122778011975, 37.98755131879409],
[-122.975608602395, 38.01265350441103],
[-122.9389394035925, 37.98755131879409],
[-122.90227020479, 38.01265350441103],
[-122.8656010059875, 37.98755131879409],
[-122.828931807185, 38.01265350441103],
[-122.7922626083825, 37.98755131879409],
[-122.75559340958, 38.01265350441103],
[-122.7189242107775, 37.98755131879409],
[-122.682255011975, 38.01265350441103],
[-122.6455858131725, 37.98755131879409],
[-122.60891661437, 38.01265350441103],
[-122.5722474155675, 37.98755131879409],
[-122.535578216765, 38.01265350441103],
[-122.4989090179625, 37.98755131879409],
[-122.46223981916, 38.01265350441103],
[-122.4255706203575, 37.98755131879409],
[-122.388901421555, 38.01265350441103],
[-122.3522322227525, 37.98755131879409],
[-122.31556302395, 38.01265350441103],
[-122.2788938251475, 37.98755131879409],
[-122.242224626345, 38.01265350441103],
[-122.2055554275425, 37.98755131879409],
[-122.16888622874, 38.01265350441103],
[-122.13221702993751, 37.98755131879409],
[-122.09554783113501, 38.01265350441103],
[-122.05887863233251, 37.98755131879409],
[-122.02220943353001, 38.01265350441103],
[-121.98554023472751, 37.98755131879409],
[-121.94887103592501, 38.01265350441103],
[-121.91220183712251, 37.98755131879409],
[-121.87553263832001, 38.01265350441103],
[-121.83886343951751, 37.98755131879409],
[-121.80219424071501, 38.01265350441103],
[-121.76552504191251, 37.98755131879409],
[-121.72885584311001, 38.01265350441103],
[-121.69218664430751, 37.98755131879409],
[-121.65551744550501, 38.01265350441103],
[-121.61884824670251, 37.98755131879409],
[-121.58217904790001, 38.01265350441103],
[-123.0122778011975, 38.03775569002797],
[-122.975608602395, 38.06285787564491],
[-122.9389394035925, 38.03775569002797],
[-122.90227020479, 38.06285787564491],
[-122.8656010059875, 38.03775569002797],
[-122.828931807185, 38.06285787564491],
[-122.7922626083825, 38.03775569002797],
[-122.75559340958, 38.06285787564491],
[-122.7189242107775, 38.03775569002797],
[-122.682255011975, 38.06285787564491],
[-122.6455858131725, 38.03775569002797],
[-122.60891661437, 38.06285787564491],
[-122.5722474155675, 38.03775569002797],
[-122.535578216765, 38.06285787564491],
[-122.4989090179625, 38.03775569002797],
[-122.46223981916, 38.06285787564491],
[-122.4255706203575, 38.03775569002797],
[-122.388901421555, 38.06285787564491],
[-122.3522322227525, 38.03775569002797],
[-122.31556302395, 38.06285787564491],
[-122.2788938251475, 38.03775569002797],
[-122.242224626345, 38.06285787564491],
[-122.2055554275425, 38.03775569002797],
[-122.16888622874, 38.06285787564491],
[-122.13221702993751, 38.03775569002797],
[-122.09554783113501, 38.06285787564491],
[-122.05887863233251, 38.03775569002797],
[-122.02220943353001, 38.06285787564491],
[-121.98554023472751, 38.03775569002797],
[-121.94887103592501, 38.06285787564491],
[-121.91220183712251, 38.03775569002797],
[-121.87553263832001, 38.06285787564491],
[-121.83886343951751, 38.03775569002797],
[-121.80219424071501, 38.06285787564491],
[-121.76552504191251, 38.03775569002797],
[-121.72885584311001, 38.06285787564491],
[-121.69218664430751, 38.03775569002797],
[-121.65551744550501, 38.06285787564491],
[-121.61884824670251, 38.03775569002797],
[-121.58217904790001, 38.06285787564491],
[-123.0122778011975, 38.08796006126185],
[-122.975608602395, 38.11306224687879],
[-122.9389394035925, 38.08796006126185],
[-122.90227020479, 38.11306224687879],
[-122.8656010059875, 38.08796006126185],
[-122.828931807185, 38.11306224687879],
[-122.7922626083825, 38.08796006126185],
[-122.75559340958, 38.11306224687879],
[-122.7189242107775, 38.08796006126185],
[-122.682255011975, 38.11306224687879],
[-122.6455858131725, 38.08796006126185],
[-122.60891661437, 38.11306224687879],
[-122.5722474155675, 38.08796006126185],
[-122.535578216765, 38.11306224687879],
[-122.4989090179625, 38.08796006126185],
[-122.46223981916, 38.11306224687879],
[-122.4255706203575, 38.08796006126185],
[-122.388901421555, 38.11306224687879],
[-122.3522322227525, 38.08796006126185],
[-122.31556302395, 38.11306224687879],
[-122.2788938251475, 38.08796006126185],
[-122.242224626345, 38.11306224687879],
[-122.2055554275425, 38.08796006126185],
[-122.16888622874, 38.11306224687879],
[-122.13221702993751, 38.08796006126185],
[-122.09554783113501, 38.11306224687879],
[-122.05887863233251, 38.08796006126185],
[-122.02220943353001, 38.11306224687879],
[-121.98554023472751, 38.08796006126185],
[-121.94887103592501, 38.11306224687879],
[-121.91220183712251, 38.08796006126185],
[-121.87553263832001, 38.11306224687879],
[-121.83886343951751, 38.08796006126185],
[-121.80219424071501, 38.11306224687879],
[-121.76552504191251, 38.08796006126185],
[-121.72885584311001, 38.11306224687879],
[-121.69218664430751, 38.08796006126185],
[-121.65551744550501, 38.11306224687879],
[-121.61884824670251, 38.08796006126185],
[-121.58217904790001, 38.11306224687879],
[-123.0122778011975, 38.138164432495735],
[-122.975608602395, 38.16326661811267],
[-122.9389394035925, 38.138164432495735],
[-122.90227020479, 38.16326661811267],
[-122.8656010059875, 38.138164432495735],
[-122.828931807185, 38.16326661811267],
[-122.7922626083825, 38.138164432495735],
[-122.75559340958, 38.16326661811267],
[-122.7189242107775, 38.138164432495735],
[-122.682255011975, 38.16326661811267],
[-122.6455858131725, 38.138164432495735],
[-122.60891661437, 38.16326661811267],
[-122.5722474155675, 38.138164432495735],
[-122.535578216765, 38.16326661811267],
[-122.4989090179625, 38.138164432495735],
[-122.46223981916, 38.16326661811267],
[-122.4255706203575, 38.138164432495735],
[-122.388901421555, 38.16326661811267],
[-122.3522322227525, 38.138164432495735],
[-122.31556302395, 38.16326661811267],
[-122.2788938251475, 38.138164432495735],
[-122.242224626345, 38.16326661811267],
[-122.2055554275425, 38.138164432495735],
[-122.16888622874, 38.16326661811267],
[-122.13221702993751, 38.138164432495735],
[-122.09554783113501, 38.16326661811267],
[-122.05887863233251, 38.138164432495735],
[-122.02220943353001, 38.16326661811267],
[-121.98554023472751, 38.138164432495735],
[-121.94887103592501, 38.16326661811267],
[-121.91220183712251, 38.138164432495735],
[-121.87553263832001, 38.16326661811267],
[-121.83886343951751, 38.138164432495735],
[-121.80219424071501, 38.16326661811267],
[-121.76552504191251, 38.138164432495735],
[-121.72885584311001, 38.16326661811267],
[-121.69218664430751, 38.138164432495735],
[-121.65551744550501, 38.16326661811267],
[-121.61884824670251, 38.138164432495735],
